324,67
324,66
325,65
326,64
327,64
328,64
329,63
330,63
333,62
334,62
337,61
341,61
343,60
346,60
350,60
352,59
353,59
355,59
356,59
357,59
360,59
362,59
364,59
367,59
370,59
373,59
375,59
377,59
378,59
380,59
381,59
382,59
383,58
384,58
385,58
387,58
388,58
391,58
392,58
394,58
395,58
396,58
397,58
399,58
400,58
401,58
402,58
403,58
404,58
405,58
406,58
407,58
408,58
409,58
410,58
411,58
412,58
413,59
415,61
416,61
419,63
420,64
421,65
422,65
423,66
424,67
424,68
426,69
427,71
428,72
429,73
430,75
431,75
432,77
433,78
434,79
435,80
436,81
436,82
438,82
439,84
440,84
440,85
442,88
443,90
446,93
446,96
448,100
451,103
453,108
454,111
455,113
457,117
457,121
459,124
460,127
461,130
463,133
464,137
465,140
465,142
467,145
468,148
469,151
471,156
472,162
473,165
476,168
477,172
479,176
480,177
481,179
481,182
483,184
483,185
483,187
484,189
486,191
487,192
488,195
489,196
489,197
490,198
490,199
490,200
490,201
491,202
319,68
317,68
316,68
315,69
313,70
311,73
310,73
308,75
306,77
303,79
300,81
297,84
295,85
291,88
289,89
286,91
282,93
280,96
279,97
276,99
275,101
273,102
273,104
271,106
270,108
269,110
269,111
267,114
266,115
265,118
263,120
262,122
260,124
259,126
258,128
257,130
255,132
255,133
252,135
251,136
249,139
248,139
246,141
244,144
242,144
241,147
240,147
239,149
238,150
238,151
237,152
236,153
235,154
235,155
235,156
234,157
233,160
233,161
232,163
231,164
231,166
231,168
229,171
229,173
228,174
228,176
228,177
228,179
228,181
227,183
227,185
227,187
227,188
227,189
227,190
227,192
227,194
227,196
227,199
227,200
227,204
227,207
227,211
227,215
227,219
227,223
227,227
227,232
227,236
229,240
229,243
229,246
231,252
233,256
234,259
234,261
236,265
236,267
236,270
237,274
238,277
239,281
240,284
241,288
242,293
243,297
245,303
246,307
247,313
248,318
251,325
252,331
253,337
256,344
256,349
257,354
258,359
258,365
258,371
260,377
262,384
263,391
266,397
267,403
267,408
268,411
268,414
270,417
270,419
270,422
270,423
270,426
271,429
271,432
272,433
272,435
272,438
273,440
273,441
273,443
274,445
275,447
275,448
275,449
275,451
276,452
277,453
277,455
277,457
278,458
278,459
278,460
278,461
279,463
280,463
280,464
280,465
280,466
281,466
281,467
281,468
283,470
283,472
284,472
285,474
285,475
286,476
287,476
288,477
289,478
290,479
291,479
292,479
294,480
295,481
296,482
298,482
300,483
301,483
302,483
304,485
305,485
306,485
307,485
309,485
309,486
310,486
312,486
314,486
316,487
318,488
319,488
320,488
322,488
324,488
325,488
327,488
328,488
330,488
331,488
333,488
336,488
338,488
339,488
340,488
341,488
342,488
343,488
344,488
346,488
348,488
350,488
351,488
353,488
354,488
357,488
358,488
359,488
360,488
361,488
362,488
363,488
364,488
365,488
366,487
367,486
368,486
369,486
370,485
373,485
374,484
377,484
380,482
383,481
386,480
389,480
391,477
392,477
394,475
395,474
396,473
397,472
398,471
399,469
400,468
401,466
403,465
404,463
405,460
406,459
407,456
408,454
409,452
411,447
412,444
412,442
413,440
414,436
414,434
415,432
415,429
416,425
417,422
419,417
419,412
421,407
423,402
424,396
425,389
426,383
428,375
429,368
431,361
433,355
435,348
436,344
440,339
442,334
443,330
445,326
448,321
449,318
449,315
452,309
453,308
455,303
456,300
459,295
462,291
464,286
467,282
468,278
471,275
473,271
475,268
476,266
478,263
479,260
480,257
482,254
483,249
484,248
486,244
487,241
488,238
490,235
490,234
491,232
492,229
493,227
493,226
494,223
494,222
494,220
494,219
494,217
494,216
494,215
495,213
495,212
495,210
495,209
495,207
495,206
495,204
495,203
495,202
495,201
495,200
495,199
495,198
225,217
227,217
228,217
231,216
232,216
235,216
239,216
242,215
245,215
248,215
250,215
252,215
255,213
257,213
260,213
261,213
264,213
265,213
268,213
270,213
272,213
274,213
275,213
276,213
277,213
278,213
280,213
281,213
283,214
284,214
286,216
288,216
291,216
292,217
295,218
297,218
299,219
301,220
304,220
305,221
308,221
310,221
312,221
313,221
314,221
315,221
316,221
317,221
318,221
319,222
320,222
321,222
322,222
322,223
323,223
324,223
325,223
326,223
328,224
331,224
334,226
336,227
339,227
341,228
343,228
345,228
346,228
348,228
349,228
351,228
353,228
356,228
358,228
360,228
363,228
366,228
369,228
372,228
374,228
377,228
378,228
380,228
381,228
383,228
385,228
387,228
388,228
390,228
392,228
394,228
396,228
398,228
402,228
405,228
407,228
410,228
412,228
414,228
416,228
417,228
420,228
421,228
424,228
427,228
428,228
431,228
434,228
436,228
439,228
440,228
442,228
444,228
446,228
447,228
449,228
451,228
452,228
453,228
456,228
458,228
459,228
461,228
462,228
463,228
464,228
465,228
466,228
467,228
468,228
469,227
470,227
471,227
472,227
473,227
474,227
475,227
476,227
477,227
478,227
479,227
481,227
482,227
483,227
484,226
485,226
239,260
241,260
242,260
243,260
245,260
247,260
249,261
252,261
254,261
257,262
262,264
264,265
267,265
270,265
273,265
277,266
279,266
280,266
282,267
282,268
283,268
284,268
285,269
287,270
289,271
290,271
291,271
292,271
294,272
295,272
297,273
300,274
301,275
304,276
306,276
309,279
311,280
314,280
316,280
318,282
319,282
320,282
321,282
322,282
323,282
324,282
325,282
326,282
327,282
328,282
329,282
330,282
331,282
332,282
333,281
334,280
334,279
335,277
336,276
337,275
338,274
339,273
339,272
340,271
340,270
341,269
342,267
343,266
345,263
345,262
347,261
348,258
350,257
350,256
351,255
351,253
353,252
353,251
354,250
355,249
355,247
355,246
355,244
355,243
355,241
357,244
359,248
362,253
365,257
368,261
370,264
372,267
373,269
374,271
375,272
375,273
375,274
377,275
377,277
378,278
378,279
379,280
380,280
380,282
381,282
381,283
382,283
383,283
384,283
386,283
387,283
388,283
391,283
392,283
393,283
394,283
395,283
397,283
398,282
401,282
402,282
403,281
406,280
408,280
410,280
411,279
413,278
416,278
419,278
422,277
425,277
428,277
432,275
434,274
436,274
438,273
439,273
441,272
441,271
443,271
444,271
449,270
451,270
454,269
458,269
462,267
468,266
472,266
476,266
481,265
483,265
484,265
279,400
280,400
282,398
283,398
284,397
286,396
288,396
291,395
292,394
294,394
298,393
302,392
305,391
307,389
312,387
314,386
317,385
318,384
320,384
321,382
322,382
324,381
325,380
327,380
328,379
330,379
331,379
334,379
336,378
337,378
338,378
339,378
340,378
342,376
343,376
344,376
345,376
346,376
348,376
349,376
350,376
351,377
352,377
353,377
355,378
356,378
357,378
360,378
362,378
364,379
367,379
368,379
371,380
373,380
375,381
377,381
378,381
381,381
381,382
382,383
383,383
384,383
385,384
387,384
388,385
389,386
390,386
391,386
393,386
394,386
396,386
397,386
399,386
400,386
402,386
403,386
406,386
407,386
409,386
410,386
412,386
414,386
415,386
416,386
417,386
335,297
335,299
334,300
333,301
333,304
331,306
330,308
330,311
330,314
329,317
327,320
327,321
326,323
325,326
324,328
323,330
322,331
322,333
322,335
322,336
320,338
320,340
319,343
319,344
319,346
319,347
319,348
319,349
319,350
319,351
319,352
319,353
320,353
322,353
323,353
325,353
327,353
329,353
333,353
336,353
337,353
341,353
345,353
350,353
354,353
358,353
362,353
364,353
365,353
365,352
366,352
367,352
271,232
273,234
277,237
279,240
282,242
286,244
288,246
289,246
291,249
293,251
293,252
295,252
295,251
295,249
295,248
295,247
295,245
296,245
296,244
296,243
296,242
297,241
298,241
299,240
300,239
301,239
302,239
303,239
304,239
305,239
306,239
307,239
309,239
310,240
312,241
314,242
316,244
317,244
319,247
320,247
321,248
322,248
322,250
323,251
324,252
325,253
376,243
377,244
378,246
380,247
382,250
384,252
386,254
387,255
389,255
389,256
390,256
390,257
391,257
391,258
392,258
393,259
394,259
395,259
397,258
398,257
399,256
401,254
402,253
403,251
403,250
404,249
404,248
405,248
405,247
406,246
407,246
408,246
410,246
411,246
413,248
414,248
417,250
420,252
421,254
426,256
427,258
429,259
431,260
431,261
433,261
413,59
414,59
415,59
417,59
418,59
418,61
420,62
421,64
423,67
424,69
425,70
426,71
426,72
427,73
427,74
427,75
427,76
427,77
427,78
427,79
427,80
427,81
427,83
427,84
427,85
427,86
427,87
427,88
426,89
425,90
424,90
424,91
424,92
423,93
432,71
433,71
435,72
436,75
436,76
437,79
439,81
439,84
440,86
441,89
442,90
443,92
443,95
443,96
444,97
444,98
444,99
444,100
444,102
444,103
444,104
443,105
440,107
439,107
437,108
435,110
433,111
432,112
430,113
429,114
428,115
436,81
436,83
436,86
436,90
436,94
436,98
435,102
435,103
434,106
434,108
434,109
432,111
432,112
431,113
430,114
429,114
428,115
427,115
426,115
425,115
434,74
434,76
434,79
434,83
433,86
431,91
428,94
426,99
426,101
424,103
423,104
423,105
422,107
421,108
288,493
290,496
291,497
293,500
295,504
296,506
298,509
300,514
303,518
307,524
307,527
311,534
314,538
317,543
319,547
322,552
323,555
325,558
326,560
326,562
326,563
326,565
327,566
327,567
327,568
328,570
329,572
329,573
330,574
330,575
330,576
331,578
332,580
333,582
333,583
333,584
333,585
334,586
400,481
400,482
398,484
397,486
396,488
393,491
392,493
389,498
387,501
385,505
383,509
380,513
377,517
375,521
372,525
371,528
368,533
366,535
366,538
363,541
362,545
360,548
359,551
358,553
358,555
356,558
355,560
355,561
354,562
352,566
352,567
351,569
350,570
349,573
348,574
347,575
347,578
347,579
345,581
344,584
344,586
343,588
343,589
342,591
341,592
340,592
340,594
340,595
339,596
339,597
404,472
405,472
406,472
407,473
408,474
410,475
411,475
412,476
413,476
415,477
416,478
417,479
418,479
419,479
420,480
420,481
421,481
422,482
423,482
424,482
425,483
426,484
427,484
428,485
429,486
430,487
431,487
432,487
433,488
434,488
434,489
434,491
434,492
434,493
433,495
433,497
433,500
433,501
433,504
433,507
433,508
431,511
431,514
431,516
431,518
431,519
431,521
431,523
431,526
431,528
431,529
431,531
431,532
431,534
431,535
431,536
431,538
431,539
431,541
431,542
432,543
432,544
432,545
432,547
432,548
430,548
428,548
424,547
420,547
416,545
411,543
406,543
403,543
398,542
396,542
393,542
391,542
390,542
389,541
388,541
387,541
385,541
383,541
381,541
380,541
379,541
378,541
378,543
380,544
381,546
382,546
383,547
385,548
386,549
387,550
388,550
390,552
391,553
392,553
393,554
395,556
396,556
396,557
397,557
398,558
399,559
399,560
401,561
402,561
402,562
404,563
405,564
406,565
407,565
408,565
408,566
407,567
404,569
402,569
399,569
395,572
392,574
387,575
385,576
381,577
377,578
372,580
369,580
367,581
364,581
359,584
357,584
354,585
353,585
350,586
349,587
348,587
347,588
346,588
346,589
286,478
284,478
283,478
279,480
275,482
270,484
264,487
260,488
255,489
249,492
246,493
244,494
241,495
240,496
239,496
237,497
236,498
235,499
234,499
234,500
233,500
231,501
230,503
229,503
230,503
231,503
232,503
233,503
234,504
235,505
236,507
237,509
238,510
239,513
241,516
242,517
244,521
245,524
246,525
247,528
248,531
249,533
249,537
251,540
251,542
252,543
252,545
252,547
252,549
253,549
253,550
253,552
253,553
253,554
253,555
253,556
253,557
256,558
260,558
263,558
268,557
272,555
274,555
276,554
276,553
278,553
279,553
281,551
282,551
283,551
284,551
285,551
288,550
289,550
292,549
293,549
294,549
295,549
296,549
297,549
298,549
300,549
301,549
301,551
298,552
296,554
295,554
292,556
291,557
290,559
289,559
287,561
286,562
286,563
285,564
285,566
284,566
283,567
283,568
283,569
282,571
283,572
284,572
288,572
292,573
296,573
300,574
304,575
307,575
310,576
311,576
313,576
313,577
314,578
315,578
316,579
318,580
319,581
320,581
322,581
323,582
325,584
327,584
328,585
330,586
332,587
335,588
338,589
340,590
342,590
344,592
347,588
442,489
445,490
449,492
456,495
462,496
472,498
480,500
488,501
496,502
506,503
514,505
522,506
530,507
538,508
544,508
548,510
553,511
555,511
556,512
557,512
558,512
559,513
559,514
560,514
560,516
560,517
561,518
561,519
562,519
562,521
563,523
564,524
565,526
569,531
569,532
571,536
574,540
577,546
579,549
582,555
584,558
585,561
586,563
587,566
588,568
589,569
590,571
591,573
592,574
593,576
594,577
594,578
595,580
596,581
596,582
597,583
598,584
598,585
599,587
600,588
601,589
225,500
222,500
219,501
215,502
211,503
204,504
199,505
193,506
187,507
182,507
176,509
171,510
167,511
164,512
161,514
159,514
156,515
155,516
153,517
152,517
151,518
150,518
149,519
146,520
144,521
142,522
136,525
133,526
129,527
124,530
119,532
116,533
114,534
113,534
113,535
112,535
112,536
111,536
110,537
110,538
108,538
107,538
105,539
104,540
104,541
104,543
104,544
104,545
104,547
104,550
104,552
104,556
105,559
105,561
105,565
105,570
105,573
105,576
105,578
105,580
105,583
105,584
105,588
105,590
104,591
104,592
103,593
103,594
364,335
364,337
365,337
366,339
366,340
367,341
368,342
368,344
369,346
369,347
370,347
370,348
370,349
371,349
371,350
372,350
372,351
373,352
373,353
374,353
