班级	考号	姓名	语文100	数学100	英语100	科学100	社会100	平均分	总分
701	1	彭b	88	94	97	93	96	93.6	468
701	2	沈舻	84	95	97	100	100	95.2	476
701	6	陈	86	99	93	98	90	93.2	466
701	4	施	91	91	94	89	96	92.2	461
701	5	徐志l	88	89	96	96	96	93	465
701	10	钱_~	87	94	99	85	97	92.4	462
701	23	周手	87	85	99	93	96	92	460
701	57	沈匡	87	93	79	100	93	90.4	452
701	13	陈	87	91	91	96	90	91	455
701	15	顾	83	94	81	95	94	89.4	447
701	9	刘IS	81	86	89	96	100	90.4	452
701	3	王趑	87	89	81	94	92	88.6	443
701	22	耿	74	88	99	84	94	87.8	439
701	8	李Gz	84	85	80	80	86	83	415
701	11	施磁r	81	85	86	91	82	85	425
701	12	王	80	77	82	89	87	83	415
701	24	殷庠f	84	74	90	91	80	83.8	419
701	16	章桫	83	65	87	89	90	82.8	414
701	14	章	76	74	68	96	97	82.2	411
701	26	宋~	78	88	93	81	87	85.4	427
701	7	王	85	72	73	84	92	81.2	406
701	19	顾啉芳	77	66	79	82	89	78.6	393
701	18	周埯傲	68	80	84	77	87	79.2	396
701	25	郭鞍t	76	80	82	78	84	80	400
701	21	姬`园	74	58	68	82	93	75	375
701	33	钱	77	76	79	75	74	76.2	381
701	30	徐	77	63	73	83	76	74.4	372
701	29	沈}堑	78	71	54	81	82	73.2	366
701	27	吴c	77	61	62	91	88	75.8	379
701	17	钱A	78	66	63	81	90	75.6	378
701	56	朱呦	73	77	55	80	80	73	365
701	20	钱缭	70	71	75	76	73	73	365
701	28	叶S	71	74	49	86	86	73.2	366
701	36	余鲣车	67	50	79	79	86	72.2	361
701	34	刘海{	70	56	64	73	88	70.2	351
701	35	唐i	67	72	58	79	78	70.8	354
701	38	卢哿螓	65	52	79	76	76	69.6	348
701	31	章扌涩	74	56	71	73	67	68.2	341
701	32	章鲅	72	31	83	72	71	65.8	329
701	41	敖f	70	36	51	73	69	59.8	299
701	42	周K比	72	33	39	76	69	57.8	289
701	37	敖~	61	42	53	60	57	54.6	273
701	40	钱	69	35	51	60	54	53.8	269
701	46	殷算榆	67	19	46	64	55	50.2	251
701	39	章林	67	28	32	64	51	48.4	242
701	43	顾}点	62	39	39	46	50	47.2	236
701	45	施勃	52	21	42	45	63	44.6	223
701	47	黄驻趿	64	27	42	46	44	44.6	223
701	44	杨祠	57	44	51	30	31	42.6	213
701	54	吴拂O	46	26	49	39	27	37.4	187
701	53	孙K腽	44	12	23	45	53	35.4	177
701	49	沈QE	50	20	25	38	47	36	180
701	52	陈r蛹	33	17	31	44	20	29	145
701	50	王狁藏	34	21	23	28	32	27.6	138
701	51	王眨殖	38	15	6	31	37	25.4	127
701	48	相儒	35	31	33	26	24	29.8	149
701	55	杨话]	30	4	15	20	21	18	90
702	01	钱	91	97	95	96	100	95.8	479
702	02	施	83	77	95	91	91	87.4	437
702	03	敖徵V	83	87	96	97	94	91.4	457
702	04	徐菡	89	87	89	98	99	92.4	462
702	05	潘坏H	85	81	98	93	97	90.8	454
702	06	任r窘	85	88	88	91	90	88.4	442
702	07	张i蛀	79	78	82	85	80	80.8	404
702	08	钱O	85	86	95	90	94	90	450
702	09	王弁津	85	63	77	86	83	78.8	394
702	10	王吗B	81	85	95	94	82	87.4	437
702	11	章Cn	79	100	93	99	96	93.4	467
702	12	莫Z	80	81	97	87	91	87.2	436
702	13	蔡犄造	86	56	93	86	74	79	395
702	14	施F惆	74	69	89	88	88	81.6	408
702	15	王历l	70	49	64	82	78	68.6	343
702	16	章]	83	74	76	93	86	82.4	412
702	17	沈h泠	61	76	50	75	60	64.4	322
702	18	郑肫	81	85	85	86	93	86	430
702	19	钱浇L	74	70	55	80	76	71	355
702	20	敖铐	83	61	61	85	88	75.6	378
702	21	沈袖	68	60	75	73	58	66.8	334
702	22	钱V	78	80	65	86	90	79.8	399
702	23	张鍪	66	70	50	68	58	62.4	312
702	24	沈啵针	83	47	83	70	66	69.8	349
702	25	申Z阜	80	26	64	77	75	64.4	322
702	26	段	74	73	60	63	77	69.4	347
702	27	杨熠A	78	65	61	74	63	68.2	341
702	28	朱C	79	53	49	84	87	70.4	352
702	29	沈y碣	79	56	85	71	77	73.6	368
702	30	张In	72	61	86	76	74	73.8	369
702	31	章c祛	62	55	82	67	67	66.6	333
702	32	陈L	74	71	78	84	80	77.4	387
702	33	邰桩肚	65	53	67	71	60	63.2	316
702	34	钱s獍	69	54	73	50	61	61.4	307
702	35	施骨煜	70	42	68	80	64	64.8	324
702	36	蒋钗	69	64	67	59	61	64	320
702	37	罗谲	64	33	74	54	52	55.4	277
702	38	葛	62	32	45	49	31	43.8	219
702	39	钱KH	72	18	53	62	50	51	255
702	40	顾U	69	48	49	68	77	62.2	311
702	41	郑狒	67	24	53	52	62	51.6	258
702	42	钱簧嚼	55	28	46	57	48	46.8	234
702	43	杨\负	51	24	69	67	56	53.4	267
702	44	付哄	73	30	54	59	63	55.8	279
702	45	姬赆	48	22	42	48	52	42.4	212
702	46	黎B绀	51	46	57	53	49	51.2	256
702	47	林肽C	40	23	38	46	40	37.4	187
702	48	叶p	48	39	36	61	57	48.2	241
702	49	张R	58	46	24	52	51	46.2	231
702	50	杨cx	48	10	43	25	28	30.8	154
702	51	金F	48	26	26	71	40	42.2	211
702	52	莫Ex	44	22	44	45	53	41.6	208
702	53	马\	30	13	31	36	21	26.2	131
702	54	朱麽盲	11	18	39	32	30	26	130
702	55	施ux	75	86	61	91	96	81.8	409
702	56	施p	5	25	7	26	20	16.6	83
703	4	章NI	91	93	93	88	91	91.2	456
703	6	王dq	81	92	87	98	96	90.8	454
703	2	陈粹	85	98	93	92	89	91.4	457
703	5	沈i鬟	87	88	93	97	92	91.4	457
703	12	施饪	90	80	86	98	99	90.6	453
703	1	陆^甘	85	91	95	91	87	89.8	449
703	13	钟F	76	85	89	83	91	84.8	424
703	3	吴夼斧	88	88	89	75	87	85.4	427
703	22	陆住_	86	86	90	86	74	84.4	422
703	7	钱胸	82	67	95	84	77	81	405
703	17	张皿	80	80	67	88	86	80.2	401
703	16	张Y	80	65	79	89	82	79	395
703	14	杨五	72	89	75	82	79	79.4	397
703	11	施c	71	95	67	75	87	79	395
703	9	张p湖	79	62	86	86	69	76.4	382
703	10	彭养K	80	92	85	69	66	78.4	392
703	18	张捉	79	74	85	80	68	77.2	386
703	25	赵哿	76	85	69	73	62	73	365
703	8	钱cQ	82	81	67	73	66	73.8	369
703	15	敖J	77	59	83	88	72	75.8	379
703	24	王	79	58	83	73	60	70.6	353
703	27	徐垄	72	55	74	78	69	69.6	348
703	30	吴铱	67	54	63	91	73	69.6	348
703	36	杨扔e	75	48	75	84	66	69.6	348
703	29	杨蹉	63	76	44	75	83	68.2	341
703	26	施劣L	74	58	73	66	66	67.4	337
703	31	王抿	63	72	83	60	66	68.8	344
703	21	谢]	76	56	60	75	65	66.4	332
703	20	钦	70	59	60	71	74	66.8	334
703	28	吴优r	73	53	79	69	52	65.2	326
703	19	许瞰	71	67	72	68	52	66	330
703	32	陈霓	62	64	65	66	61	63.6	318
703	23	陈	75	63	53	81	66	67.6	338
703	39	方w	73	33	50	78	64	59.6	298
703	44	刘	77	32	47	71	62	57.8	289
703	33	钱ys	66	33	56	72	70	59.4	297
703	40	吴肢	68	41	56	68	64	59.4	297
703	45	钱ㄔ	63	61	44	73	62	60.6	303
703	43	施齑P	74	33	54	63	58	56.4	282
703	34	汤淄	69	40	54	66	58	57.4	287
703	50	汪	69	75	41	50	55	58	290
703	41	高`	76	27	57	69	33	52.4	262
703	35	趋	66	42	43	67	47	53	265
703	55	王L蟪	76	19	58	69	41	52.6	263
703	54	孙L	74	11	55	75	29	48.8	244
703	42	秦T	63	43	63	45	45	51.8	259
703	37	孙	58	64	43	45	45	51	255
703	38	吴{O	50	31	39	35	85	48	240
703	51	倪W间	27	49	43	45	60	44.8	224
703	46	周枕	60	33	28	53	45	43.8	219
703	56	徐堇礁	45	25	38	47	27	36.4	182
703	48	赵６r	42	22	35	39	27	33	165
703	47	薛[z	46	22	49	30	25	34.4	172
703	49	周鲤筻	45	26	11	23	53	31.6	158
703	52	孙砰	23	16	31	54	29	30.6	153
703	53	郭涤汇	7	45	28	40	18	27.6	138
704	1	钱岱N	84	84	93	81	94	87.2	436
704	2	邰C姹	75	86	87	81	87	83.2	416
704	3	陈轵G	70	76	73	82	93	78.8	394
704	4	陈齐肆	80	95	75	80	90	84	420
704	5	尹唬	87	70	96	96	92	88.2	441
704	6	钱F安	86	85	88	89	84	86.4	432
704	7	丁问	91	91	98	96	89	93	465
704	8	章筘	82	88	98	91	91	90	450
704	9	敖基篇	90	87	97	100	96	94	470
704	10	陆盔	63	78	90	91	93	83	415
704	11	王敌	76	65	71	82	94	77.6	388
704	12	顾b嫁	82	76	90	81	91	84	420
704	13	蔡cy	70	69	42	75	88	68.8	344
704	14	徐涿砒	82	78	78	84	98	84	420
704	15	陈讽	82	60	84	72	85	76.6	383
704	16	田	81	55	76	81	80	74.6	373
704	17	陆S	78	74	83	68	84	77.4	387
704	18	钱赆	73	57	83	80	67	72	360
704	19	黄	80	87	92	96	93	89.6	448
704	20	陈o开	81	84	98	79	84	85.2	426
704	21	沈Q	75	77	59	68	80	71.8	359
704	22	钦茂C	81	75	81	79	86	80.4	402
704	23	吴s	75	57	80	79	80	74.2	371
704	24	沈	62	81	68	75	72	71.6	358
704	25	韩娼c	80	64	59	75	65	68.6	343
704	26	刘a	80	68	96	75	82	80.2	401
704	27	杨芊	78	60	85	81	90	78.8	394
704	28	尹突	68	57	80	73	68	69.2	346
704	29	张愎院	57	45	57	81	80	64	320
704	30	洪}	65	32	60	86	80	64.6	323
704	31	陆碾谕	72	62	71	66	56	65.4	327
704	32	陈V	59	61	62	74	57	62.6	313
704	33	倪颦	58	87	55	89	90	75.8	379
704	34	朱E	73	64	82	88	86	78.6	393
704	35	施脐	70	60	55	94	82	72.2	361
704	36	葛~	55	28	53	57	48	48.2	241
704	37	钱痕旌	75	60	61	68	76	68	340
704	38	俞i窕	67	46	73	51	44	56.2	281
704	39	陈鳐N	59	41	44	61	64	53.8	269
704	40	吴`	45	51	43	49	54	48.4	242
704	41	沈锅	53	36	54	50	57	50	250
704	42	甘灵	71	54	41	73	69	61.6	308
704	43	蒋]f	56	32	57	55	47	49.4	247
704	44	陈b	62	27	32	61	64	49.2	246
704	45	杨I`	35	19	39	31	23	29.4	147
704	46	李乇铢	47	33	29	38	43	38	190
704	47	任IJ	56	22	41	43	64	45.2	226
704	48	施觳	44	18	32	31	33	31.6	158
704	49	蒋	37	17	23	41	46	32.8	164
704	50	刘徉拘	51	29	40	35	40	39	195
704	51	张gt	39	14	39	36	51	35.8	179
704	52	孙v]	38	16	53	34	35	35.2	176
704	53	杨骢甲	79	88	72	88	89	83.2	416
704	54	张掇p	8	11	17	13	20	13.8	69
704	55	朱镒缒	74	88	84	83	81	82	410
704	56	葛r萱	65	27	63	75	66	59.2	296
